0 0.360547 0.695139 0.039844 0.073611
0 0.441797 0.625694 0.021094 0.045833
0 0.503906 0.596528 0.014063 0.040278
0 0.562500 0.577083 0.012500 0.031944
1 0.794531 0.643056 0.025000 0.052778
1 0.723437 0.599306 0.017188 0.034722
1 0.800391 0.591667 0.014844 0.030556
1 0.857422 0.584028 0.013281 0.026389
1 0.883984 0.575000 0.010156 0.022222
1 0.873828 0.566667 0.010156 0.019444
1 0.851953 0.559722 0.008594 0.019444
1 0.828125 0.554861 0.007812 0.015278
1 0.790625 0.548611 0.007812 0.013889
0 0.652344 0.568056 0.010937 0.025000
0 0.716406 0.563889 0.009375 0.022222
0 0.751953 0.560417 0.008594 0.020833
0 0.759766 0.558333 0.007031 0.016667
2 0.394922 0.595139 0.013281 0.034722
2 0.469531 0.564583 0.010937 0.026389
2 0.240234 0.582639 0.011719 0.029167
2 0.167187 0.568056 0.010937 0.025000
2 0.293359 0.567361 0.014844 0.034722
2 0.365234 0.561111 0.008594 0.022222
2 0.119141 0.557639 0.010156 0.023611
