0 0.151562 0.786806 0.032813 0.087500
0 0.358594 0.627083 0.012500 0.034722
0 0.403125 0.594444 0.007812 0.025000
0 0.434766 0.575694 0.005469 0.018056
1 0.807813 0.754167 0.028125 0.080556
1 0.662109 0.618750 0.011719 0.029167
1 0.612891 0.587500 0.008594 0.022222
1 0.598047 0.572222 0.005469 0.013889
0 0.460547 0.567361 0.005469 0.015278
0 0.491406 0.563194 0.006250 0.015278
1 0.601953 0.564583 0.005469 0.015278
1 0.656641 0.561806 0.007031 0.015278
1 0.709766 0.561111 0.007031 0.016667
0 0.530078 0.558333 0.005469 0.013889
0 0.590234 0.555556 0.007031 0.013889
2 0.441016 0.564583 0.005469 0.015278
