0 0.354261 0.679538 0.032121 0.064025
0 0.432373 0.617675 0.018007 0.042395
0 0.492964 0.594314 0.013627 0.033743
0 0.554043 0.574415 0.009247 0.025091
2 0.390493 0.591557 0.013457 0.030986
2 0.464056 0.563533 0.008843 0.020961
1 0.763046 0.634864 0.022485 0.048538
1 0.705389 0.593985 0.014823 0.032357
1 0.783352 0.585645 0.013885 0.029021
1 0.842645 0.576639 0.010508 0.023684
2 0.243163 0.581753 0.010291 0.026816
2 0.172958 0.569473 0.011701 0.022305
2 0.363484 0.559698 0.009022 0.022305
0 0.642572 0.564673 0.008256 0.021349
0 0.706462 0.561337 0.008819 0.019347
1 0.871968 0.569958 0.009163 0.021303
2 0.293359 0.567361 0.013281 0.031944
1 0.864453 0.561806 0.007031 0.018056
0 0.744922 0.556944 0.008594 0.019444
1 0.845703 0.554861 0.007031 0.015278
1 0.822266 0.550694 0.007031 0.015278
1 0.787109 0.545833 0.007031 0.013889
0 0.751953 0.554167 0.007031 0.016667
2 0.125391 0.559028 0.008594 0.020833
