3 0.872266 0.856250 0.064844 0.237500
3 0.826953 0.808333 0.055469 0.169444
3 0.093359 0.814583 0.064844 0.181944
3 0.040625 0.854861 0.062500 0.212500
2 0.246094 0.705556 0.021875 0.061111
2 0.704688 0.706944 0.026562 0.066667
2 0.784766 0.696528 0.025781 0.054167
2 0.850000 0.672917 0.020313 0.045833
2 0.877344 0.643056 0.020313 0.038889
2 0.898828 0.647917 0.017969 0.034722
0 0.297266 0.665278 0.021094 0.050000
0 0.373828 0.614583 0.011719 0.029167
0 0.416406 0.581250 0.007812 0.020833
0 0.434375 0.569444 0.007812 0.016667
0 0.453125 0.561111 0.006250 0.013889
1 0.649219 0.660417 0.017188 0.048611
1 0.617969 0.607639 0.012500 0.026389
1 0.599609 0.578472 0.008594 0.018056
1 0.580469 0.566667 0.007812 0.013889
