3 0.209766 0.779861 0.046094 0.173611
3 0.235156 0.752083 0.037500 0.148611
2 0.300391 0.680556 0.017969 0.055556
3 0.812500 0.759722 0.043750 0.161111
3 0.781250 0.736806 0.039062 0.137500
2 0.683594 0.675694 0.021875 0.051389
2 0.748828 0.668056 0.019531 0.050000
2 0.802344 0.654167 0.015625 0.038889
2 0.829688 0.627778 0.010937 0.033333
2 0.846484 0.634722 0.014844 0.036111
1 0.636328 0.643056 0.017969 0.044444
1 0.602344 0.600694 0.012500 0.029167
1 0.579297 0.574306 0.007031 0.020833
0 0.327734 0.651389 0.013281 0.044444
0 0.380469 0.607639 0.009375 0.029167
0 0.408594 0.578472 0.006250 0.020833
