3 0.862500 0.840972 0.057813 0.184722
3 0.918750 0.888194 0.070312 0.218056
3 0.051953 0.850000 0.064844 0.202778
3 0.013281 0.900000 0.026562 0.200000
2 0.232422 0.718750 0.025781 0.076389
2 0.715234 0.723611 0.022656 0.075000
2 0.799219 0.712500 0.025000 0.072222
2 0.863672 0.688889 0.024219 0.061111
2 0.889844 0.652778 0.020313 0.047222
2 0.912891 0.659722 0.017969 0.047222
1 0.653516 0.671528 0.021094 0.062500
1 0.619531 0.614583 0.014063 0.034722
1 0.598828 0.581944 0.010156 0.025000
1 0.579297 0.570139 0.007031 0.018056
0 0.285156 0.675694 0.020313 0.054167
0 0.368359 0.619444 0.011719 0.036111
0 0.412500 0.585417 0.007812 0.023611
0 0.431250 0.572222 0.006250 0.016667
0 0.450391 0.563889 0.005469 0.013889
