0 0.082812 0.827083 0.039062 0.104167
0 0.312109 0.664583 0.016406 0.048611
0 0.393359 0.602083 0.007031 0.026389
0 0.419922 0.582639 0.005469 0.018056
1 0.809375 0.812500 0.032813 0.100000
1 0.673438 0.653472 0.014063 0.043056
1 0.623047 0.596528 0.007031 0.023611
1 0.593359 0.576389 0.005469 0.016667
1 0.584375 0.565972 0.004687 0.012500
0 0.444531 0.569444 0.006250 0.011111
0 0.464844 0.563889 0.007812 0.016667
1 0.589844 0.560417 0.006250 0.015278
1 0.639453 0.558333 0.007031 0.016667
0 0.491016 0.558333 0.005469 0.013889
0 0.525781 0.556250 0.004687 0.012500
