0 0.155078 0.848611 0.064844 0.144444
0 0.633984 0.597917 0.014844 0.034722
1 0.780469 0.822222 0.050000 0.138889
1 0.826562 0.627778 0.023438 0.050000
0 0.089063 0.584028 0.014063 0.029167
0 0.258203 0.566667 0.008594 0.022222
1 0.055859 0.576389 0.013281 0.025000
1 0.200391 0.563889 0.011719 0.025000
1 0.309766 0.554861 0.008594 0.020833
0 0.370703 0.556944 0.007031 0.019444
1 0.379688 0.550000 0.007812 0.019444
2 0.959375 0.593750 0.015625 0.034722
2 0.890234 0.572222 0.011719 0.025000
2 0.759766 0.578472 0.010156 0.026389
2 0.755469 0.567361 0.009375 0.020833
2 0.791406 0.557639 0.009375 0.020833
2 0.798047 0.550000 0.007031 0.019444
2 0.924609 0.558333 0.013281 0.022222
2 0.914062 0.545833 0.007812 0.027778
2 0.839453 0.544444 0.008594 0.016667
