1 0.842187 0.722222 0.046875 0.097222
1 0.589844 0.619444 0.020313 0.044444
1 0.489844 0.589583 0.014063 0.031944
1 0.413281 0.577778 0.010937 0.025000
1 0.327344 0.571528 0.010937 0.023611
1 0.258203 0.569444 0.008594 0.019444
1 0.160547 0.572222 0.008594 0.019444
0 0.213281 0.754861 0.043750 0.093056
0 0.307031 0.638194 0.018750 0.051389
0 0.289453 0.608333 0.014844 0.036111
0 0.251172 0.593750 0.010156 0.029167
0 0.204297 0.585417 0.010156 0.023611
0 0.116797 0.584722 0.008594 0.022222
0 0.028906 0.588194 0.009375 0.020833
1 0.039844 0.578472 0.009375 0.020833
