3 0.853125 0.794444 0.068750 0.188889
3 0.816406 0.768056 0.054688 0.172222
3 0.172266 0.813889 0.067969 0.205556
3 0.204687 0.784028 0.057813 0.176389
2 0.287891 0.694444 0.027344 0.063889
2 0.698047 0.688194 0.022656 0.062500
2 0.766016 0.679861 0.022656 0.054167
2 0.819141 0.663889 0.019531 0.047222
2 0.861328 0.641667 0.014844 0.038889
2 0.843750 0.636806 0.014063 0.034722
0 0.319922 0.659722 0.019531 0.052778
0 0.376563 0.613889 0.012500 0.033333
0 0.406641 0.581944 0.008594 0.022222
1 0.644141 0.650694 0.019531 0.048611
1 0.605469 0.605556 0.014063 0.033333
1 0.581250 0.579861 0.009375 0.020833
0 0.420312 0.570139 0.006250 0.015278
1 0.559766 0.567361 0.005469 0.015278
