2 0.748437 0.818056 0.065625 0.130556
2 0.704297 0.648611 0.022656 0.050000
2 0.528906 0.589583 0.014063 0.023611
2 0.024219 0.890972 0.048438 0.162500
2 0.375781 0.654167 0.025000 0.058333
2 0.384766 0.591667 0.013281 0.030556
2 0.348438 0.573611 0.010937 0.030556
0 0.076563 0.561806 0.010937 0.023611
0 0.196484 0.562500 0.013281 0.027778
1 0.234766 0.551389 0.010156 0.022222
1 0.096094 0.553472 0.010937 0.023611
2 0.263672 0.566667 0.011719 0.027778
2 0.289844 0.551389 0.007812 0.022222
2 0.321094 0.565972 0.009375 0.023611
2 0.365234 0.554861 0.010156 0.023611
2 0.419141 0.556250 0.010156 0.023611
2 0.466406 0.567361 0.007812 0.023611
