2 0.772266 0.879167 0.055469 0.136111
2 0.332813 0.675694 0.023438 0.056944
2 0.685937 0.661806 0.020313 0.045833
2 0.497266 0.597222 0.008594 0.022222
2 0.345313 0.602778 0.009375 0.025000
2 0.306641 0.580556 0.008594 0.022222
2 0.430859 0.578472 0.007031 0.015278
2 0.382422 0.567361 0.005469 0.012500
1 0.183203 0.556944 0.007031 0.016667
0 0.140234 0.570139 0.007031 0.018056
2 0.275781 0.575694 0.009375 0.018056
2 0.214453 0.573611 0.010156 0.022222
2 0.244531 0.559028 0.007812 0.015278
2 0.322656 0.561806 0.007812 0.015278
