0 0.339844 0.681944 0.031250 0.063889
0 0.419922 0.622222 0.013281 0.038889
0 0.485547 0.594444 0.005469 0.025000
1 0.754297 0.637500 0.022656 0.044444
1 0.698438 0.596528 0.015625 0.029167
0 0.548047 0.576389 0.010156 0.022222
1 0.776953 0.587500 0.005469 0.022222
0 0.637500 0.568056 0.007812 0.019444
2 0.382031 0.594444 0.012500 0.027778
2 0.458594 0.565972 0.007812 0.020833
2 0.284766 0.584722 0.011719 0.055556
2 0.234375 0.584028 0.009375 0.026389
2 0.356641 0.563194 0.007031 0.020833
2 0.164844 0.572222 0.007812 0.019444
2 0.117188 0.560417 0.009375 0.020833
1 0.836719 0.579167 0.009375 0.022222
1 0.865625 0.572222 0.007812 0.019444
1 0.858203 0.565972 0.007031 0.018056
0 0.700781 0.563889 0.007812 0.016667
