1 0.822266 0.650694 0.027344 0.056944
0 0.601172 0.614583 0.016406 0.037500
2 0.733984 0.590278 0.010156 0.027778
2 0.723437 0.575000 0.010937 0.022222
2 0.864844 0.580556 0.014063 0.025000
2 0.948438 0.604167 0.018750 0.038889
0 0.179297 0.575000 0.011719 0.030556
0 0.312891 0.563889 0.010156 0.022222
1 0.116406 0.573611 0.010937 0.025000
1 0.246484 0.561806 0.010156 0.026389
1 0.326172 0.554861 0.008594 0.020833
1 0.391016 0.549306 0.007031 0.018056
1 0.436328 0.545833 0.007031 0.016667
0 0.404687 0.556944 0.007812 0.016667
0 0.468359 0.550694 0.008594 0.015278
2 0.894922 0.568750 0.013281 0.023611
2 0.760156 0.568056 0.007812 0.019444
2 0.880078 0.559028 0.010156 0.020833
2 0.802344 0.552083 0.007812 0.020833
2 0.764844 0.559722 0.007812 0.022222
