2 0.432031 0.670139 0.021875 0.062500
2 0.410547 0.617361 0.014844 0.037500
2 0.608594 0.617361 0.012500 0.043056
2 0.814063 0.684028 0.032813 0.076389
2 0.455859 0.593056 0.011719 0.030556
2 0.458203 0.577778 0.008594 0.022222
2 0.610938 0.586806 0.010937 0.029167
2 0.578125 0.569444 0.010937 0.022222
2 0.603516 0.557639 0.008594 0.018056
2 0.494922 0.563889 0.007031 0.016667
2 0.481250 0.556250 0.006250 0.015278
0 0.107422 0.568750 0.007031 0.018056
1 0.089844 0.559722 0.007812 0.016667
0 0.192188 0.561111 0.007812 0.016667
1 0.214453 0.552778 0.008594 0.013889
