0 0.311719 0.701389 0.031250 0.077778
0 0.371875 0.582639 0.012500 0.029167
0 0.092578 0.556944 0.010156 0.019444
0 0.224219 0.547917 0.009375 0.018056
0 0.316406 0.543056 0.007812 0.011111
1 0.062891 0.549306 0.008594 0.020833
1 0.188672 0.545833 0.007031 0.016667
1 0.271875 0.542361 0.007812 0.015278
1 0.341406 0.537500 0.007812 0.016667
1 0.516016 0.584028 0.010156 0.031944
1 0.655469 0.681250 0.029687 0.076389
1 0.611719 0.563889 0.009375 0.025000
0 0.539453 0.558333 0.008594 0.022222
2 0.635938 0.550000 0.004687 0.016667
2 0.702734 0.553472 0.010156 0.020833
2 0.621484 0.551389 0.007031 0.016667
