1 0.749219 0.726389 0.039062 0.083333
1 0.557031 0.619444 0.018750 0.047222
1 0.454297 0.593056 0.011719 0.025000
1 0.385547 0.581944 0.010156 0.022222
1 0.319141 0.574306 0.008594 0.018056
1 0.236719 0.573611 0.009375 0.019444
0 0.154688 0.746528 0.043750 0.081944
0 0.252344 0.644444 0.018750 0.044444
0 0.262891 0.608333 0.014844 0.030556
0 0.228906 0.595139 0.012500 0.026389
0 0.183984 0.590278 0.011719 0.025000
0 0.129297 0.586806 0.010156 0.020833
0 0.035937 0.588889 0.009375 0.022222
1 0.059766 0.578472 0.008594 0.015278
1 0.166016 0.574306 0.010156 0.020833
