0 0.220629 0.756028 0.048010 0.096314
0 0.304978 0.639355 0.017618 0.049332
0 0.285157 0.608816 0.013214 0.033671
0 0.245420 0.595553 0.011378 0.028076
0 0.197192 0.585741 0.010359 0.025963
1 0.589535 0.618438 0.019183 0.046092
1 0.847009 0.720260 0.048941 0.087339
1 0.486803 0.588544 0.013431 0.031288
1 0.408379 0.575370 0.011578 0.025250
1 0.320614 0.571803 0.010189 0.021407
1 0.250912 0.569058 0.009108 0.021407
0 0.108011 0.586991 0.009507 0.022022
1 0.150898 0.570667 0.008714 0.018821
1 0.029297 0.580556 0.010156 0.022222
0 0.017578 0.588194 0.010156 0.023611
