0 0.013281 0.878472 0.023438 0.109722
0 0.307031 0.678472 0.020313 0.054167
0 0.422266 0.626389 0.013281 0.038889
0 0.515625 0.593056 0.009375 0.025000
0 0.625000 0.571528 0.007812 0.018056
0 0.697266 0.564583 0.008594 0.018056
1 0.707812 0.612500 0.012500 0.033333
1 0.812500 0.688889 0.021875 0.055556
1 0.797656 0.594444 0.010937 0.025000
1 0.859375 0.581944 0.009375 0.022222
1 0.884766 0.570139 0.007031 0.018056
1 0.867578 0.560417 0.005469 0.012500
0 0.737500 0.559722 0.006250 0.016667
0 0.744141 0.553472 0.005469 0.015278
1 0.843750 0.552083 0.004687 0.012500
1 0.815234 0.546528 0.005469 0.012500
2 0.283984 0.625000 0.011719 0.036111
2 0.287891 0.576389 0.007031 0.022222
2 0.410547 0.577083 0.007031 0.020833
2 0.145313 0.597222 0.015625 0.036111
2 0.104297 0.613889 0.013281 0.027778
2 0.033984 0.595833 0.010156 0.025000
2 0.210156 0.570139 0.006250 0.018056
