1 0.637891 0.654167 0.027344 0.055556
1 0.518750 0.606250 0.014063 0.034722
1 0.446875 0.584722 0.009375 0.025000
0 0.037891 0.929861 0.072656 0.131944
0 0.242188 0.693750 0.026562 0.068056
0 0.261328 0.623611 0.013281 0.036111
0 0.259766 0.600000 0.010156 0.022222
1 0.375391 0.575694 0.010156 0.020833
1 0.316797 0.570833 0.008594 0.022222
1 0.255859 0.569444 0.008594 0.019444
0 0.239844 0.588889 0.010937 0.022222
0 0.196484 0.585417 0.008594 0.023611
0 0.149219 0.584722 0.009375 0.019444
0 0.089844 0.582639 0.009375 0.018056
1 0.103516 0.575694 0.008594 0.018056
1 0.174609 0.570833 0.008594 0.016667
