2 0.633203 0.707639 0.035156 0.073611
2 0.644922 0.625694 0.017969 0.043056
2 0.197266 0.739583 0.041406 0.081944
2 0.389062 0.632639 0.017188 0.043056
2 0.386719 0.590972 0.012500 0.026389
2 0.511328 0.586806 0.011719 0.026389
2 0.351953 0.575694 0.010156 0.023611
0 0.208594 0.567361 0.009375 0.020833
1 0.239453 0.556944 0.008594 0.019444
1 0.110547 0.554861 0.008594 0.020833
0 0.101172 0.565972 0.008594 0.020833
2 0.325000 0.570833 0.007812 0.019444
2 0.272266 0.568750 0.008594 0.018056
2 0.292578 0.559028 0.008594 0.018056
2 0.362891 0.560417 0.007031 0.015278
2 0.455469 0.572222 0.007812 0.019444
2 0.413281 0.563889 0.007812 0.016667
