0 0.251953 0.720833 0.024219 0.069444
0 0.370703 0.626389 0.011719 0.036111
0 0.425000 0.590278 0.007812 0.022222
0 0.460547 0.576389 0.007031 0.022222
0 0.498047 0.568056 0.007031 0.016667
0 0.542969 0.563194 0.004687 0.012500
1 0.790625 0.683333 0.018750 0.052778
1 0.665625 0.608333 0.010937 0.027778
1 0.633203 0.584722 0.007031 0.016667
1 0.632031 0.570139 0.006250 0.015278
1 0.695312 0.568056 0.006250 0.013889
1 0.754687 0.565278 0.004687 0.013889
2 0.436328 0.568750 0.005469 0.012500
0 0.612500 0.559722 0.006250 0.016667
