1 0.924600 0.785617 0.061551 0.118698
1 0.605367 0.634462 0.021908 0.050076
1 0.500522 0.599224 0.014605 0.035238
1 0.430651 0.581252 0.010011 0.024079
0 0.183320 0.818899 0.054766 0.118300
0 0.273714 0.668669 0.022378 0.054439
0 0.268119 0.617894 0.015900 0.036642
0 0.256636 0.597479 0.014133 0.031407
0 0.231609 0.588057 0.012367 0.027219
1 0.361457 0.574971 0.010600 0.024079
0 0.186328 0.586111 0.011719 0.027778
0 0.138281 0.585417 0.012500 0.023611
0 0.075781 0.585417 0.012500 0.020833
1 0.085547 0.578472 0.008594 0.020833
1 0.157812 0.576389 0.009375 0.019444
1 0.239844 0.572222 0.009375 0.019444
1 0.302734 0.573611 0.010156 0.019444
