3 0.961328 0.840972 0.074219 0.248611
2 0.944141 0.654167 0.022656 0.044444
2 0.921094 0.644444 0.020313 0.041667
2 0.907422 0.678472 0.027344 0.056944
2 0.852344 0.700000 0.032813 0.072222
2 0.778516 0.709722 0.032031 0.072222
1 0.706250 0.660417 0.026562 0.059722
1 0.651563 0.607639 0.015625 0.040278
1 0.619141 0.578472 0.011719 0.029167
1 0.593750 0.565278 0.007812 0.019444
3 0.194141 0.871528 0.100781 0.256944
3 0.233984 0.827083 0.078906 0.220833
2 0.323828 0.704861 0.032031 0.073611
0 0.355859 0.665972 0.024219 0.059722
0 0.411328 0.613194 0.016406 0.040278
0 0.439453 0.579861 0.010156 0.026389
0 0.451172 0.567361 0.008594 0.020833
