1 0.960156 0.771528 0.042188 0.093056
1 0.730859 0.631944 0.017969 0.044444
0 0.309766 0.680556 0.022656 0.058333
0 0.404687 0.618750 0.014063 0.037500
0 0.472266 0.594444 0.011719 0.030556
0 0.539062 0.575694 0.009375 0.020833
1 0.686328 0.593056 0.011719 0.027778
1 0.768359 0.584722 0.011719 0.025000
2 0.275781 0.583333 0.012500 0.055556
2 0.230469 0.584028 0.009375 0.023611
2 0.163281 0.572222 0.009375 0.022222
2 0.119141 0.563194 0.007031 0.018056
2 0.372266 0.593056 0.011719 0.027778
2 0.453516 0.563889 0.007031 0.016667
2 0.353516 0.562500 0.007031 0.016667
0 0.632422 0.564583 0.007031 0.018056
1 0.830859 0.577778 0.016406 0.033333
