1 0.783984 0.904167 0.077344 0.169444
1 0.760547 0.679167 0.032031 0.066667
1 0.735156 0.609028 0.020313 0.040278
1 0.707422 0.579861 0.013281 0.029167
1 0.659766 0.564583 0.010156 0.023611
1 0.619531 0.555556 0.010937 0.019444
1 0.580469 0.549306 0.007812 0.018056
0 0.046094 0.797222 0.065625 0.116667
2 0.123828 0.684028 0.033594 0.068056
0 0.397656 0.631944 0.020313 0.047222
0 0.500781 0.592361 0.015625 0.034722
0 0.535547 0.573611 0.010156 0.025000
0 0.529297 0.563889 0.010156 0.022222
0 0.506250 0.554861 0.007812 0.018056
1 0.535937 0.543750 0.007812 0.015278
