0 0.180859 0.770833 0.028906 0.086111
0 0.371875 0.628472 0.012500 0.040278
0 0.435547 0.596528 0.010156 0.026389
2 0.407813 0.581250 0.007812 0.020833
2 0.329688 0.559722 0.007812 0.022222
2 0.287891 0.575694 0.007031 0.018056
2 0.387891 0.556944 0.005469 0.013889
2 0.475781 0.561806 0.006250 0.015278
0 0.489844 0.581944 0.006250 0.016667
0 0.548828 0.568056 0.007031 0.016667
0 0.634766 0.560417 0.005469 0.015278
1 0.671484 0.580556 0.008594 0.019444
1 0.690625 0.607639 0.010937 0.029167
1 0.793359 0.675000 0.017969 0.050000
1 0.748047 0.574306 0.008594 0.018056
0 0.696875 0.555556 0.006250 0.013889
1 0.814063 0.568056 0.007812 0.016667
1 0.851562 0.563889 0.006250 0.013889
0 0.737500 0.552778 0.006250 0.011111
2 0.228906 0.563889 0.006250 0.013889
2 0.186328 0.557639 0.005469 0.012500
