0 0.328906 0.734028 0.040625 0.093056
0 0.420703 0.611111 0.014844 0.038889
0 0.444141 0.582639 0.008594 0.031944
0 0.465625 0.568056 0.007812 0.022222
0 0.486328 0.559028 0.007031 0.020833
0 0.512109 0.553472 0.007031 0.015278
0 0.547656 0.548611 0.007812 0.016667
1 0.857812 0.716667 0.040625 0.083333
1 0.694922 0.607639 0.016406 0.037500
1 0.637891 0.579861 0.013281 0.023611
1 0.619531 0.566667 0.007812 0.016667
1 0.620313 0.557639 0.009375 0.015278
1 0.671875 0.556250 0.007812 0.015278
0 0.650781 0.547222 0.007812 0.013889
1 0.722656 0.555556 0.009375 0.016667
0 0.605469 0.548611 0.006250 0.013889
2 0.385156 0.551389 0.006250 0.016667
2 0.338672 0.547222 0.003906 0.011111
2 0.300000 0.543750 0.006250 0.015278
2 0.418359 0.541667 0.005469 0.013889
2 0.463672 0.554861 0.007031 0.015278
