0 0.077344 0.859028 0.042188 0.104167
0 0.391016 0.651389 0.014844 0.041667
0 0.557031 0.599306 0.010937 0.029167
0 0.639844 0.577778 0.007812 0.022222
0 0.675391 0.565972 0.005469 0.015278
1 0.758203 0.699306 0.024219 0.062500
1 0.830078 0.630556 0.014844 0.038889
1 0.853516 0.594444 0.011719 0.027778
1 0.846094 0.570139 0.007812 0.020833
1 0.807813 0.559028 0.007812 0.018056
2 0.218750 0.629167 0.012500 0.033333
2 0.395313 0.615972 0.012500 0.031944
1 0.769141 0.551389 0.008594 0.022222
1 0.731641 0.546528 0.008594 0.018056
1 0.685547 0.540972 0.005469 0.012500
0 0.672266 0.558333 0.007031 0.016667
0 0.652344 0.549306 0.006250 0.015278
