1 0.649219 0.647917 0.026562 0.056944
1 0.528906 0.603472 0.017188 0.037500
1 0.454688 0.583333 0.012500 0.027778
1 0.384766 0.574306 0.011719 0.026389
1 0.325781 0.573611 0.009375 0.022222
1 0.264453 0.572917 0.008594 0.018056
1 0.184766 0.575000 0.008594 0.016667
1 0.114062 0.579167 0.007812 0.016667
0 0.101562 0.586111 0.010937 0.022222
0 0.159766 0.584722 0.008594 0.019444
0 0.207813 0.584722 0.009375 0.022222
0 0.249609 0.590972 0.010156 0.023611
0 0.271484 0.601389 0.013281 0.030556
0 0.276172 0.628472 0.014844 0.031944
0 0.265234 0.690972 0.030469 0.065278
0 0.085547 0.923611 0.080469 0.152778
