2 0.775000 0.779861 0.029687 0.090278
2 0.875000 0.765278 0.029687 0.086111
2 0.941406 0.722222 0.025000 0.069444
2 0.947656 0.670833 0.018750 0.047222
2 0.977344 0.683333 0.021875 0.050000
2 0.158594 0.774306 0.031250 0.084722
0 0.244141 0.709028 0.019531 0.056944
0 0.352734 0.630556 0.013281 0.038889
0 0.405469 0.589583 0.007812 0.023611
0 0.426172 0.575694 0.007031 0.018056
1 0.685937 0.699306 0.020313 0.065278
1 0.632031 0.625000 0.014063 0.036111
1 0.604688 0.588194 0.007812 0.020833
1 0.581641 0.572222 0.005469 0.016667
0 0.446875 0.565972 0.006250 0.015278
