1 0.834776 0.921927 0.082736 0.155738
1 0.778366 0.682028 0.033625 0.069217
1 0.744298 0.609665 0.022122 0.040901
1 0.711558 0.579382 0.012388 0.029102
1 0.661784 0.563651 0.011061 0.025956
1 0.620148 0.553751 0.008064 0.018746
2 0.033391 0.823558 0.065152 0.127645
2 0.116063 0.692465 0.036602 0.070790
0 0.399222 0.635976 0.021317 0.047908
0 0.503396 0.594146 0.016491 0.035752
0 0.537293 0.573329 0.010486 0.026738
0 0.529926 0.563046 0.009304 0.023057
1 0.580859 0.547222 0.008594 0.019444
1 0.535547 0.543750 0.008594 0.018056
0 0.506250 0.552778 0.010937 0.022222
0 0.488672 0.549306 0.010156 0.023611
0 0.464844 0.545833 0.009375 0.016667
0 0.433203 0.543056 0.008594 0.019444
1 0.452734 0.540278 0.007031 0.016667
1 0.495312 0.540972 0.007812 0.015278
0 0.364844 0.543056 0.009375 0.016667
0 0.312891 0.541667 0.007031 0.016667
0 0.260547 0.543750 0.007031 0.015278
