1 0.818750 0.924306 0.065625 0.145833
1 0.769141 0.686111 0.028906 0.069444
1 0.732422 0.611111 0.016406 0.041667
1 0.701562 0.581944 0.012500 0.030556
1 0.652344 0.565972 0.010937 0.026389
1 0.611328 0.556250 0.008594 0.020833
1 0.571875 0.550694 0.007812 0.020833
1 0.526953 0.547222 0.008594 0.016667
2 0.092578 0.697222 0.032031 0.077778
0 0.386719 0.639583 0.021875 0.048611
0 0.492188 0.597222 0.014063 0.038889
0 0.527344 0.575000 0.010937 0.027778
0 0.519531 0.567361 0.009375 0.023611
0 0.496484 0.559028 0.008594 0.018056
0 0.478906 0.554167 0.007812 0.019444
1 0.485547 0.545139 0.008594 0.015278
0 0.013281 0.829861 0.026562 0.104167
