0 0.351953 0.665972 0.021094 0.054167
0 0.425781 0.613194 0.012500 0.037500
0 0.484375 0.590972 0.010937 0.029167
1 0.957031 0.745139 0.037500 0.081944
1 0.736719 0.627778 0.015625 0.038889
1 0.689063 0.590972 0.012500 0.026389
1 0.765234 0.584028 0.010156 0.023611
0 0.544922 0.572222 0.008594 0.022222
2 0.386719 0.589583 0.009375 0.026389
2 0.459375 0.562500 0.006250 0.016667
2 0.360156 0.559722 0.006250 0.016667
2 0.294141 0.579167 0.011719 0.052778
2 0.244531 0.579861 0.009375 0.023611
2 0.175391 0.566667 0.008594 0.019444
2 0.542578 0.563889 0.007031 0.019444
0 0.632812 0.564583 0.007812 0.018056
