1 0.896094 0.839583 0.046875 0.120833
3 0.299609 0.702083 0.033594 0.118056
3 0.314844 0.686806 0.028125 0.101389
2 0.344141 0.650000 0.014844 0.047222
3 0.727734 0.692361 0.030469 0.115278
3 0.711719 0.677083 0.029687 0.106944
2 0.655469 0.647917 0.015625 0.043056
2 0.710156 0.641667 0.020313 0.038889
2 0.761719 0.634028 0.017188 0.034722
2 0.795703 0.616667 0.013281 0.030556
0 0.361719 0.630556 0.012500 0.038889
0 0.399219 0.597222 0.009375 0.027778
0 0.421875 0.575694 0.006250 0.018056
1 0.620313 0.622917 0.015625 0.037500
1 0.596484 0.592361 0.010156 0.026389
1 0.579688 0.572222 0.007812 0.016667
