1 0.905078 0.765278 0.057031 0.116667
1 0.541797 0.622917 0.019531 0.040278
1 0.433984 0.595139 0.014844 0.031944
1 0.366406 0.579861 0.012500 0.026389
1 0.302734 0.570139 0.010156 0.020833
1 0.276562 0.560417 0.007812 0.018056
1 0.266406 0.556250 0.006250 0.015278
0 0.107031 0.683333 0.029687 0.063889
0 0.141406 0.612500 0.015625 0.033333
0 0.158203 0.588194 0.010156 0.023611
0 0.166406 0.574306 0.006250 0.020833
0 0.171094 0.565972 0.004687 0.018056
0 0.176563 0.561111 0.004687 0.016667
1 0.257422 0.552083 0.005469 0.015278
1 0.250391 0.550000 0.005469 0.011111
