1 0.771094 0.792361 0.054688 0.118056
1 0.633984 0.631944 0.021094 0.050000
1 0.595703 0.586111 0.013281 0.030556
1 0.575781 0.566667 0.009375 0.025000
1 0.567578 0.557639 0.007031 0.018056
0 0.120703 0.779167 0.057031 0.111111
0 0.357422 0.630556 0.017969 0.044444
0 0.422656 0.588889 0.010937 0.027778
0 0.450000 0.570139 0.009375 0.023611
0 0.466797 0.559722 0.008594 0.019444
0 0.478906 0.554861 0.007812 0.018056
3 0.488672 0.546528 0.008594 0.020833
1 0.558984 0.550000 0.007031 0.016667
3 0.553906 0.543750 0.007812 0.018056
