0 0.039844 0.925694 0.079687 0.148611
1 0.856250 0.818056 0.054688 0.113889
3 0.307812 0.690278 0.040625 0.111111
3 0.319922 0.680556 0.032031 0.102778
3 0.710547 0.684028 0.039844 0.109722
3 0.699219 0.671528 0.034375 0.095833
0 0.367578 0.626389 0.014844 0.036111
1 0.619141 0.621528 0.016406 0.037500
0 0.405469 0.596528 0.009375 0.026389
1 0.598437 0.591667 0.010937 0.027778
2 0.651953 0.636111 0.019531 0.058333
2 0.350000 0.639583 0.018750 0.056944
2 0.757422 0.629861 0.016406 0.037500
2 0.793750 0.613194 0.012500 0.034722
2 0.805469 0.617361 0.014063 0.031944
2 0.705859 0.636111 0.010156 0.030556
0 0.428125 0.574306 0.007812 0.018056
0 0.439453 0.565278 0.005469 0.013889
1 0.583984 0.571528 0.008594 0.020833
1 0.567187 0.560417 0.006250 0.018056
