3 0.208203 0.779861 0.044531 0.176389
3 0.234766 0.754861 0.039844 0.148611
2 0.300000 0.683333 0.020313 0.052778
0 0.327734 0.651389 0.017969 0.044444
0 0.380078 0.608333 0.010156 0.030556
0 0.408203 0.579861 0.007031 0.020833
1 0.636328 0.645139 0.017969 0.045833
1 0.601562 0.601389 0.012500 0.027778
1 0.579297 0.576389 0.008594 0.022222
3 0.812891 0.761806 0.041406 0.159722
3 0.782422 0.738194 0.035156 0.140278
2 0.684766 0.676389 0.016406 0.052778
2 0.749609 0.669444 0.017969 0.050000
2 0.802344 0.655556 0.015625 0.038889
2 0.829688 0.631250 0.012500 0.034722
2 0.846094 0.634028 0.012500 0.034722
0 0.420703 0.568056 0.008594 0.022222
1 0.559375 0.566667 0.007812 0.022222
