0 0.232422 0.888194 0.075781 0.159722
0 0.414453 0.641667 0.024219 0.052778
0 0.467187 0.602083 0.017188 0.037500
0 0.517188 0.584722 0.012500 0.030556
0 0.569922 0.568750 0.010156 0.023611
2 0.566797 0.560417 0.008594 0.020833
0 0.653125 0.561806 0.009375 0.020833
0 0.714063 0.559722 0.007812 0.016667
2 0.425781 0.582639 0.010937 0.026389
2 0.292969 0.572222 0.010937 0.027778
2 0.225781 0.561111 0.009375 0.022222
2 0.177344 0.552778 0.007812 0.019444
2 0.487891 0.558333 0.008594 0.019444
1 0.933594 0.710417 0.042188 0.073611
1 0.751563 0.618056 0.018750 0.041667
1 0.707812 0.586806 0.014063 0.031944
1 0.781250 0.580556 0.012500 0.027778
1 0.841797 0.575000 0.011719 0.025000
1 0.873047 0.568750 0.010156 0.020833
