1 0.901563 0.848611 0.073438 0.136111
1 0.781641 0.679861 0.028906 0.065278
2 0.355469 0.625694 0.017188 0.043056
1 0.931250 0.652778 0.026562 0.052778
0 0.465625 0.618750 0.015625 0.043056
1 0.901172 0.850000 0.074219 0.141667
1 0.781641 0.679861 0.030469 0.065278
2 0.153125 0.591667 0.014063 0.033333
2 0.025781 0.579861 0.012500 0.026389
0 0.757031 0.604167 0.015625 0.030556
0 0.823438 0.596528 0.014063 0.031944
0 0.855078 0.584028 0.010156 0.026389
0 0.836328 0.571528 0.007031 0.020833
1 0.983203 0.568056 0.010156 0.022222
