0 0.329297 0.679167 0.021094 0.058333
1 0.672266 0.654861 0.017969 0.051389
3 0.394922 0.620833 0.016406 0.061111
3 0.399219 0.615972 0.014063 0.062500
3 0.628125 0.614583 0.015625 0.062500
2 0.645312 0.602083 0.010937 0.026389
2 0.685156 0.597917 0.009375 0.026389
2 0.723437 0.590278 0.007812 0.019444
2 0.730469 0.591667 0.009375 0.022222
1 0.589063 0.593056 0.010937 0.022222
0 0.410156 0.596528 0.009375 0.026389
0 0.430469 0.581944 0.009375 0.022222
1 0.580078 0.576389 0.008594 0.022222
2 0.605469 0.603472 0.012500 0.026389
1 0.573438 0.565972 0.006250 0.018056
0 0.443359 0.569444 0.005469 0.016667
3 0.621484 0.611806 0.010156 0.062500
