0 0.090234 0.920139 0.091406 0.159722
0 0.310547 0.673611 0.028906 0.058333
0 0.304688 0.624306 0.017188 0.037500
0 0.269141 0.604861 0.013281 0.031944
0 0.225391 0.593056 0.013281 0.030556
0 0.139844 0.590278 0.010937 0.025000
0 0.055469 0.593056 0.010937 0.022222
1 0.669141 0.648611 0.027344 0.058333
1 0.536328 0.602778 0.016406 0.038889
1 0.449219 0.583333 0.012500 0.027778
1 0.358203 0.575000 0.010156 0.025000
1 0.289453 0.574306 0.008594 0.020833
1 0.191406 0.575694 0.009375 0.020833
1 0.076172 0.581944 0.008594 0.019444
