1 0.906250 0.785417 0.059375 0.126389
1 0.599609 0.632639 0.024219 0.051389
1 0.499219 0.597222 0.014063 0.036111
1 0.430859 0.580556 0.011719 0.027778
1 0.361719 0.574306 0.009375 0.020833
1 0.302734 0.572222 0.010156 0.022222
1 0.241406 0.570139 0.009375 0.020833
1 0.159766 0.572917 0.008594 0.018056
1 0.087500 0.575694 0.009375 0.018056
0 0.170313 0.812500 0.057813 0.116667
0 0.267188 0.665278 0.028125 0.061111
0 0.265625 0.615972 0.015625 0.037500
0 0.255078 0.597222 0.011719 0.027778
0 0.230859 0.586111 0.011719 0.027778
0 0.187109 0.582639 0.011719 0.023611
0 0.137500 0.583333 0.009375 0.022222
0 0.076563 0.582639 0.009375 0.018056
