0 0.305859 0.684722 0.028906 0.066667
0 0.402344 0.597222 0.010937 0.030556
0 0.426563 0.580556 0.010937 0.025000
0 0.442188 0.565278 0.007812 0.019444
3 0.381641 0.620139 0.021094 0.070833
3 0.388672 0.616667 0.017969 0.066667
3 0.623437 0.614583 0.021875 0.068056
3 0.617578 0.611806 0.022656 0.068056
2 0.601172 0.604167 0.011719 0.030556
2 0.641406 0.602083 0.012500 0.034722
1 0.585938 0.592361 0.012500 0.031944
1 0.579297 0.576389 0.010156 0.025000
1 0.661719 0.658333 0.025000 0.058333
1 0.574219 0.561806 0.006250 0.018056
